11 22 64
1 1 1 1 1 1 1 1 1 1 0 1 1 1 1 1 1 1 1 0 0 R
1 1 1 1 1 1 1 1 1 1 0 1 1 1 1 1 1 1 1 0 1 1
1 1 1 1 1 1 0 1 1 1 0 1 1 1 1 0 1 1 1 0 1 1
0 0 0 0 0 0 0 0 0 0 0 0 0 0 0 0 0 0 0 0 0 0
1 1 1 0 1 1 1 1 0 0 0 0 0 1 1 1 1 1 1 1 1 1
1 1 1 0 1 1 1 1 1 1 0 1 1 1 1 1 1 1 1 1 1 1
1 1 1 1 1 1 1 1 1 1 0 1 1 1 1 1 1 1 1 1 1 1
0 0 0 0 0 0 0 0 0 0 0 0 0 0 0 0 0 0 0 0 0 0
1 1 1 0 1 1 1 1 0 0 0 0 0 1 1 1 1 0 0 0 0 0
1 1 1 0 1 1 1 1 1 1 0 1 1 1 1 1 1 0 0 0 0 0
1 1 1 1 1 1 1 1 1 1 0 1 1 1 1 1 0 0 0 0 0 0